<!DOCTYPE html>
<html>
<head>
<meta charset="utf-8"/>
<style>body{background-color:rgba(51,51,51,1.000000);}</style>
<script src="plotly_lib/htmlwidgets-1.5.2/htmlwidgets.js"></script>
<script src="plotly_lib/plotly-binding-4.9.2.1/plotly.js"></script>
<script src="plotly_lib/typedarray-0.1/typedarray.min.js"></script>
<script src="plotly_lib/jquery-1.11.3/jquery.min.js"></script>
<link href="plotly_lib/crosstalk-1.1.0.1/css/crosstalk.css" rel="stylesheet" />
<script src="plotly_lib/crosstalk-1.1.0.1/js/crosstalk.min.js"></script>
<link href="plotly_lib/plotly-htmlwidgets-css-1.52.2/plotly-htmlwidgets.css" rel="stylesheet" />
<script src="plotly_lib/plotly-main-1.52.2/plotly-latest.min.js"></script>
  <title>plotly</title>
</head>
<body>
<div id="htmlwidget_container">
  <div id="htmlwidget-1aae3437ba2294134e53" style="width:100%;height:400px;" class="plotly html-widget"></div>
</div>
<script type="application/json" data-for="htmlwidget-1aae3437ba2294134e53">{"x":{"visdat":{"2740a5412c1":["function () ","plotlyVisDat"]},"cur_data":"2740a5412c1","attrs":{"2740a5412c1":{"x":{},"y":{},"z":{},"colorscale":[["0","#10D0C0"],["0.5","#C0D030"],["1","#F02010"]],"contours":{"x":{"highlightcolor":"#f0f0c0"},"y":{"highlightcolor":"#f0f0c0"},"z":{"show":true,"start":0.01,"end":0.2,"size":0.015,"usecolormap":true,"highlightcolor":"#f0f0c0","project":{"z":true}}},"alpha_stroke":1,"sizes":[10,100],"spans":[1,20],"type":"surface"}},"layout":{"margin":{"b":40,"l":60,"t":25,"r":10},"scene":{"camera":{"eye":{"x":2,"y":1,"z":-0.5}},"bgcolor":"#333333","xaxis":{"title":"X axis","backgroundcolor":"#555555","gridcolor":"#999999","showbackground":true,"zerolinecolor":"#AAAAAA"},"yaxis":{"title":"Y axis","backgroundcolor":"#555555","gridcolor":"#999999","showbackground":true,"zerolinecolor":"#AAAAAA"},"zaxis":{"title":"Value(Z axis)","range":[0,0.2],"backgroundcolor":"#555555","gridcolor":"#999999","showbackground":true,"zerolinecolor":"#AAAAAA"}},"hovermode":"closest","showlegend":false,"legend":{"yanchor":"top","y":0.5}},"source":"A","config":{"showSendToCloud":false},"data":[{"colorbar":{"title":"coords$z","ticklen":2,"len":0.5,"lenmode":"fraction","y":1,"yanchor":"top"},"colorscale":[["0","#10D0C0"],["0.5","#C0D030"],["1","#F02010"]],"showscale":true,"x":[-4,-3.9,-3.8,-3.7,-3.6,-3.5,-3.4,-3.3,-3.2,-3.1,-3,-2.9,-2.8,-2.7,-2.6,-2.5,-2.4,-2.3,-2.2,-2.1,-2,-1.9,-1.8,-1.7,-1.6,-1.5,-1.4,-1.3,-1.2,-1.1,-1,-0.9,-0.8,-0.7,-0.6,-0.5,-0.4,-0.3,-0.2,-0.0999999999999996,0,0.100000000000001,0.2,0.3,0.4,0.5,0.600000000000001,0.7,0.800000000000001,0.9,1,1.1,1.2,1.3,1.4,1.5,1.6,1.7,1.8,1.9,2,2.1,2.2,2.3,2.4,2.5,2.6,2.7,2.8,2.9,3,3.1,3.2,3.3,3.4,3.5,3.6,3.7,3.8,3.9,4],"y":[-4,-3.9,-3.8,-3.7,-3.6,-3.5,-3.4,-3.3,-3.2,-3.1,-3,-2.9,-2.8,-2.7,-2.6,-2.5,-2.4,-2.3,-2.2,-2.1,-2,-1.9,-1.8,-1.7,-1.6,-1.5,-1.4,-1.3,-1.2,-1.1,-1,-0.9,-0.8,-0.7,-0.6,-0.5,-0.4,-0.3,-0.2,-0.0999999999999996,0,0.100000000000001,0.2,0.3,0.4,0.5,0.600000000000001,0.7,0.800000000000001,0.9,1,1.1,1.2,1.3,1.4,1.5,1.6,1.7,1.8,1.9,2,2.1,2.2,2.3,2.4,2.5,2.6,2.7,2.8,2.9,3,3.1,3.2,3.3,3.4,3.5,3.6,3.7,3.8,3.9,4],"z":[[1.79105293282802e-08,2.65861065859245e-08,3.90713229900354e-08,5.68484395082761e-08,8.18909734530952e-08,1.16791322099083e-07,1.64908169508564e-07,2.30531790009133e-07,3.19063062245439e-07,4.37199131824265e-07,5.93115273525412e-07,7.96628757611402e-07,1.05932667238123e-06,1.39463605889533e-06,1.81781183910164e-06,2.34581641232903e-06,2.99706504525739e-06,3.79101385620891e-06,4.74757276952854e-06,5.88633458001208e-06,7.22562323772432e-06,8.78137930504187e-06,1.05659175095821e-05,1.25866092583279e-05,1.48445603471811e-05,1.73333690684914e-05,2.00380605292358e-05,2.29342973627686e-05,2.59879635787959e-05,2.9155206035638e-05,3.23829966908898e-05,3.56102490666563e-05,3.87694859082494e-05,4.17890143984472e-05,4.45955238354238e-05,4.71169821648543e-05,4.92856760192598e-05,5.10412174470584e-05,5.23333320184443e-05,5.31242490467948e-05,5.33905354532819e-05,5.31242490467948e-05,5.23333320184443e-05,5.10412174470584e-05,4.92856760192598e-05,4.71169821648543e-05,4.45955238354238e-05,4.17890143984471e-05,3.87694859082494e-05,3.56102490666563e-05,3.23829966908898e-05,2.9155206035638e-05,2.59879635787958e-05,2.29342973627686e-05,2.00380605292358e-05,1.73333690684914e-05,1.4844560347181e-05,1.25866092583279e-05,1.05659175095821e-05,8.78137930504187e-06,7.22562323772432e-06,5.88633458001206e-06,4.74757276952854e-06,3.79101385620891e-06,2.99706504525739e-06,2.34581641232903e-06,1.81781183910164e-06,1.39463605889533e-06,1.05932667238123e-06,7.966287576114e-07,5.93115273525412e-07,4.37199131824264e-07,3.19063062245439e-07,2.30531790009133e-07,1.64908169508563e-07,1.16791322099083e-07,8.18909734530951e-08,5.68484395082761e-08,3.90713229900353e-08,2.65861065859245e-08,1.79105293282802e-08],[2.65861065859245e-08,3.94639963142847e-08,5.79968541647734e-08,8.43849248846091e-08,1.21557666372899e-07,1.73363192160631e-07,2.44787079772218e-07,3.42197744594257e-07,4.73612165503945e-07,6.48971479564288e-07,8.80410935414855e-07,1.18250313383134e-06,1.57244776550355e-06,2.07017571791248e-06,2.69833115603135e-06,3.48209279726403e-06,4.44879597234175e-06,5.62732103571864e-06,7.04722196433478e-06,8.73758199304103e-06,1.07256009036288e-05,1.30349406148842e-05,1.56838809137982e-05,1.86833638003608e-05,2.20350307005271e-05,2.57293790206662e-05,2.97441802663141e-05,3.40433084351729e-05,3.85761222905931e-05,4.32775269223431e-05,4.80688083426011e-05,5.28592907493009e-05,5.75488119723367e-05,6.20309523272214e-05,6.619689056714e-05,6.99397034494125e-05,7.31588783218392e-05,7.57647762637702e-05,7.7682770706394e-05,7.88567954396078e-05,7.92520667716543e-05,7.88567954396078e-05,7.76827707063939e-05,7.57647762637702e-05,7.31588783218392e-05,6.99397034494125e-05,6.61968905671399e-05,6.20309523272214e-05,5.75488119723366e-05,5.28592907493009e-05,4.80688083426011e-05,4.3277526922343e-05,3.85761222905931e-05,3.40433084351729e-05,2.9744180266314e-05,2.57293790206662e-05,2.2035030700527e-05,1.86833638003608e-05,1.56838809137981e-05,1.30349406148842e-05,1.07256009036288e-05,8.73758199304102e-06,7.04722196433478e-06,5.62732103571863e-06,4.44879597234175e-06,3.48209279726403e-06,2.69833115603134e-06,2.07017571791248e-06,1.57244776550355e-06,1.18250313383133e-06,8.80410935414855e-07,6.48971479564288e-07,4.73612165503945e-07,3.42197744594257e-07,2.44787079772217e-07,1.73363192160631e-07,1.21557666372899e-07,8.43849248846091e-08,5.79968541647732e-08,3.94639963142847e-08,2.65861065859245e-08],[3.90713229900354e-08,5.79968541647734e-08,8.52330074790844e-08,1.24013294124157e-07,1.78642887382577e-07,2.54777030010016e-07,3.59742598137007e-07,5.0289870622058e-07,6.96027221233352e-07,9.53737780574526e-07,1.29386451943907e-06,1.73782354062756e-06,2.31089175590215e-06,3.04235988294388e-06,3.96550611089451e-06,5.11733344344627e-06,6.53801427412311e-06,8.26999158543914e-06,1.0356698325161e-05,1.28408756317394e-05,1.57624966940349e-05,1.91563354067687e-05,2.30492560066952e-05,2.74573390137053e-05,3.23829966908898e-05,3.78122638905585e-05,4.37124732989022e-05,5.00305336255683e-05,5.66920217839205e-05,6.36012733616301e-05,7.06426091548962e-05,7.76827707063939e-05,8.45745582564695e-05,9.11615759127174e-05,9.72838984123411e-05,0.000102784389826603,0.000107515335322345,0.000111345000258021,0.000114163712359345,0.000115889075921002,0.000116469972331433,0.000115889075921002,0.000114163712359345,0.000111345000258021,0.000107515335322345,0.000102784389826603,9.7283898412341e-05,9.11615759127174e-05,8.45745582564695e-05,7.76827707063939e-05,7.06426091548962e-05,6.36012733616301e-05,5.66920217839205e-05,5.00305336255682e-05,4.37124732989022e-05,3.78122638905585e-05,3.23829966908898e-05,2.74573390137053e-05,2.30492560066951e-05,1.91563354067687e-05,1.57624966940349e-05,1.28408756317393e-05,1.0356698325161e-05,8.26999158543911e-06,6.5380142741231e-06,5.11733344344627e-06,3.9655061108945e-06,3.04235988294388e-06,2.31089175590214e-06,1.73782354062756e-06,1.29386451943907e-06,9.53737780574524e-07,6.96027221233352e-07,5.02898706220578e-07,3.59742598137007e-07,2.54777030010016e-07,1.78642887382576e-07,1.24013294124157e-07,8.52330074790842e-08,5.79968541647733e-08,3.90713229900354e-08],[5.68484395082761e-08,8.43849248846091e-08,1.24013294124157e-07,1.8043827824917e-07,2.59923867424255e-07,3.70698391306497e-07,5.23422391761791e-07,7.31713299973544e-07,1.01271363123509e-06,1.38768028253295e-06,1.88256176746294e-06,2.52851833173451e-06,3.3623276649496e-06,4.42660750986217e-06,5.76977734596752e-06,7.44567622595291e-06,9.51275463750036e-06,1.20327667557787e-05,1.50689071468999e-05,1.86833638003608e-05,2.29342973627686e-05,2.78723035523951e-05,3.35364696030785e-05,3.99501925332026e-05,4.71169821648543e-05,5.50165193280403e-05,6.36012733616301e-05,7.2793996893969e-05,8.24864049729523e-05,9.2539306699957e-05,0.000102784389826603,0.000113027764441557,0.00012305525615829,0.000132639310296069,0.000141547236970545,0.000149550404754478,0.000156433889833809,0.000162006019436081,0.000166107221343789,0.000168617610513095,0.000169462809803054,0.000168617610513095,0.000166107221343789,0.000162006019436081,0.000156433889833809,0.000149550404754478,0.000141547236970545,0.000132639310296069,0.00012305525615829,0.000113027764441557,0.000102784389826603,9.2539306699957e-05,8.24864049729522e-05,7.27939968939689e-05,6.360127336163e-05,5.50165193280403e-05,4.71169821648542e-05,3.99501925332026e-05,3.35364696030784e-05,2.78723035523951e-05,2.29342973627686e-05,1.86833638003608e-05,1.50689071468999e-05,1.20327667557787e-05,9.51275463750036e-06,7.44567622595291e-06,5.7697773459675e-06,4.42660750986217e-06,3.3623276649496e-06,2.52851833173451e-06,1.88256176746294e-06,1.38768028253295e-06,1.01271363123509e-06,7.31713299973542e-07,5.2342239176179e-07,3.70698391306497e-07,2.59923867424255e-07,1.8043827824917e-07,1.24013294124156e-07,8.43849248846088e-08,5.68484395082761e-08],[8.18909734530952e-08,1.21557666372899e-07,1.78642887382577e-07,2.59923867424255e-07,3.74423972076959e-07,5.33996225475389e-07,7.53997287511828e-07,1.05404325856098e-06,1.45882817203781e-06,1.99897288582118e-06,2.71185659723652e-06,3.64236607672565e-06,4.84348010134755e-06,6.37659012653499e-06,8.31144509076822e-06,1.07256009036288e-05,1.37032563114057e-05,1.73333690684914e-05,2.17069718326092e-05,2.69136472737678e-05,3.30371766181278e-05,4.01504437066124e-05,4.8309754247105e-05,5.75488119723366e-05,6.78726728301895e-05,7.92520667716543e-05,9.16185252135558e-05,0.000104860772234933,0.000118822821845407,0.000133304167605705,0.000148062353364292,0.000162818077987853,0.000177262820272407,0.000191068784512738,0.000203900777670887,0.000215429452973211,0.000225345209654873,0.00023337194040217,0.000239279779200471,0.000242896029964762,0.000244113551381626,0.000242896029964762,0.00023927977920047,0.00023337194040217,0.000225345209654873,0.000215429452973211,0.000203900777670887,0.000191068784512738,0.000177262820272407,0.000162818077987853,0.000148062353364292,0.000133304167605705,0.000118822821845407,0.000104860772234933,9.16185252135557e-05,7.92520667716543e-05,6.78726728301894e-05,5.75488119723366e-05,4.83097542471049e-05,4.01504437066124e-05,3.30371766181278e-05,2.69136472737677e-05,2.17069718326092e-05,1.73333690684914e-05,1.37032563114057e-05,1.07256009036288e-05,8.3114450907682e-06,6.37659012653499e-06,4.84348010134754e-06,3.64236607672564e-06,2.71185659723652e-06,1.99897288582118e-06,1.45882817203781e-06,1.05404325856098e-06,7.53997287511827e-07,5.33996225475389e-07,3.74423972076959e-07,2.59923867424255e-07,1.78642887382576e-07,1.21557666372899e-07,8.18909734530952e-08],[1.16791322099083e-07,1.73363192160631e-07,2.54777030010016e-07,3.70698391306497e-07,5.33996225475389e-07,7.61575086232331e-07,1.07533634483008e-06,1.50325610413548e-06,2.08055251688114e-06,2.85089645819139e-06,3.86759741616433e-06,5.19467203443725e-06,6.90767761993918e-06,9.0941694787465e-06,1.18536221975764e-05,1.52966445142993e-05,1.95433190519874e-05,2.47205156390035e-05,3.09580632907003e-05,3.83837230780031e-05,4.71169821648543e-05,5.72617860751882e-05,6.88984369203138e-05,8.2075002311829e-05,9.67986929447925e-05,0.000113027764441557,0.000130664568233373,0.000149550404754478,0.000169462809803054,0.000190115824974352,0.000211163663995541,0.00023220799299357,0.000252808804995882,0.000272498604109144,0.000290799344507169,0.000307241318192835,0.000321382978544784,0.000332830546653705,0.000341256192056455,0.000346413618937519,0.000348150024428424,0.000346413618937519,0.000341256192056455,0.000332830546653705,0.000321382978544784,0.000307241318192835,0.000290799344507169,0.000272498604109144,0.000252808804995882,0.00023220799299357,0.000211163663995541,0.000190115824974352,0.000169462809803054,0.000149550404754478,0.000130664568233373,0.000113027764441557,9.67986929447924e-05,8.20750023118289e-05,6.88984369203136e-05,5.72617860751881e-05,4.71169821648543e-05,3.8383723078003e-05,3.09580632907003e-05,2.47205156390034e-05,1.95433190519874e-05,1.52966445142993e-05,1.18536221975764e-05,9.0941694787465e-06,6.90767761993917e-06,5.19467203443724e-06,3.86759741616433e-06,2.85089645819139e-06,2.08055251688114e-06,1.50325610413548e-06,1.07533634483008e-06,7.61575086232331e-07,5.33996225475388e-07,3.70698391306497e-07,2.54777030010015e-07,1.73363192160631e-07,1.16791322099083e-07],[1.64908169508564e-07,2.44787079772218e-07,3.59742598137007e-07,5.23422391761791e-07,7.53997287511828e-07,1.07533634483008e-06,1.51836407915234e-06,2.12258246571818e-06,2.93771918117534e-06,4.02543706098247e-06,5.46100856495672e-06,7.33482454860489e-06,9.75357116766802e-06,1.28408756317393e-05,1.67371950545267e-05,2.15987078589302e-05,2.75949694982551e-05,3.49051188912597e-05,4.37124732989022e-05,5.41974300654553e-05,6.65287038619352e-05,8.08530647203317e-05,9.72838984123412e-05,0.000115889075921002,0.000136678778675052,0.00015959406403405,0.00018449705320325,0.000211163663995541,0.000239279779200471,0.000268441628433087,0.000298160964961793,0.000327875345373179,0.000356963484257412,0.00038476528212562,0.000410605743090086,0.000433821644193687,0.000453789526058003,0.000469953376832509,0.000481850303207886,0.00048913253797537,0.000491584325024984,0.00048913253797537,0.000481850303207886,0.000469953376832509,0.000453789526058003,0.000433821644193687,0.000410605743090085,0.00038476528212562,0.000356963484257412,0.000327875345373179,0.000298160964961793,0.000268441628433086,0.000239279779200471,0.000211163663995541,0.00018449705320325,0.00015959406403405,0.000136678778675052,0.000115889075921002,9.7283898412341e-05,8.08530647203316e-05,6.65287038619352e-05,5.41974300654552e-05,4.37124732989022e-05,3.49051188912596e-05,2.75949694982551e-05,2.15987078589302e-05,1.67371950545267e-05,1.28408756317393e-05,9.753571167668e-06,7.33482454860489e-06,5.46100856495672e-06,4.02543706098247e-06,2.93771918117534e-06,2.12258246571817e-06,1.51836407915234e-06,1.07533634483008e-06,7.53997287511827e-07,5.23422391761791e-07,3.59742598137007e-07,2.44787079772217e-07,1.64908169508564e-07],[2.30531790009133e-07,3.42197744594257e-07,5.0289870622058e-07,7.31713299973544e-07,1.05404325856098e-06,1.50325610413548e-06,2.12258246571818e-06,2.96724374979252e-06,4.10675628380769e-06,5.62732103571864e-06,7.63416441699879e-06,1.02536474550159e-05,1.36349110354246e-05,1.79507786272275e-05,2.33976009020686e-05,3.01937059846204e-05,3.85761222905931e-05,4.87952753490835e-05,6.11074317624941e-05,7.57647762637703e-05,9.30031619051052e-05,0.000113027764441558,0.000135997090422491,0.000162006019436082,0.000191068784512739,0.000223102987354979,0.000257915881627362,0.000295194213790915,0.000334498866711453,0.000375265393461495,0.000416811254216991,0.000458350186615932,0.000499013670693161,0.000537878926714921,0.000574002350669912,0.000606456796401967,0.000634370704867446,0.000656966804645836,0.000673597998485995,0.000683778128562132,0.000687205580694752,0.000683778128562132,0.000673597998485994,0.000656966804645836,0.000634370704867446,0.000606456796401967,0.000574002350669911,0.000537878926714921,0.000499013670693161,0.000458350186615932,0.000416811254216991,0.000375265393461495,0.000334498866711453,0.000295194213790914,0.000257915881627361,0.000223102987354979,0.000191068784512738,0.000162006019436082,0.000135997090422491,0.000113027764441557,9.30031619051052e-05,7.57647762637702e-05,6.11074317624941e-05,4.87952753490834e-05,3.85761222905931e-05,3.01937059846204e-05,2.33976009020686e-05,1.79507786272275e-05,1.36349110354245e-05,1.02536474550159e-05,7.63416441699879e-06,5.62732103571864e-06,4.10675628380769e-06,2.96724374979252e-06,2.12258246571817e-06,1.50325610413548e-06,1.05404325856098e-06,7.31713299973544e-07,5.02898706220578e-07,3.42197744594257e-07,2.30531790009133e-07],[3.19063062245439e-07,4.73612165503945e-07,6.96027221233352e-07,1.01271363123509e-06,1.45882817203781e-06,2.08055251688114e-06,2.93771918117534e-06,4.10675628380769e-06,5.68387655236386e-06,7.78838476820674e-06,1.05659175095821e-05,1.41913623108246e-05,1.88711347282487e-05,2.48444277392991e-05,3.23829966908898e-05,4.17890143984471e-05,5.33905354532819e-05,6.75341564622006e-05,8.45745582564694e-05,0.000104860772234933,0.000128719226249775,0.000156433889833809,0.000188224140908943,0.00022422129573289,0.000264445053255922,0.000308781371709146,0.000356963484257412,0.000408557838402819,0.000462956682574481,0.000519378804926734,0.000576879549425989,0.000634370704867445,0.00069065021300268,0.000744440918400684,0.000794436844192146,0.00083935479168363,0.000877988496448954,0.000909262191021885,0.000932280272975911,0.000946369884981356,0.000951113583770534,0.000946369884981356,0.00093228027297591,0.000909262191021885,0.000877988496448954,0.00083935479168363,0.000794436844192146,0.000744440918400684,0.00069065021300268,0.000634370704867445,0.000576879549425989,0.000519378804926733,0.00046295668257448,0.000408557838402819,0.000356963484257411,0.000308781371709146,0.000264445053255922,0.00022422129573289,0.000188224140908943,0.000156433889833809,0.000128719226249775,0.000104860772234933,8.45745582564694e-05,6.75341564622005e-05,5.33905354532818e-05,4.17890143984471e-05,3.23829966908898e-05,2.48444277392991e-05,1.88711347282487e-05,1.41913623108245e-05,1.05659175095821e-05,7.78838476820672e-06,5.68387655236386e-06,4.10675628380768e-06,2.93771918117534e-06,2.08055251688114e-06,1.4588281720378e-06,1.01271363123509e-06,6.9602722123335e-07,4.73612165503945e-07,3.19063062245439e-07],[4.37199131824265e-07,6.48971479564288e-07,9.53737780574526e-07,1.38768028253295e-06,1.99897288582118e-06,2.85089645819139e-06,4.02543706098247e-06,5.62732103571864e-06,7.78838476820674e-06,1.06721067459509e-05,1.44780468463084e-05,1.94458463415716e-05,2.58583480697068e-05,3.40433084351729e-05,4.43731027323815e-05,5.72617860751881e-05,7.31588783218392e-05,9.2539306699957e-05,0.000115889075921002,0.000143686449509058,0.000176378718267934,0.000214354994093998,0.000257915881627361,0.000307241318192835,0.000362358296460446,0.000423110549634531,0.00048913253797537,0.000559830182135927,0.000634370704867445,0.000711683643364575,0.000790474573901638,0.000869252364942969,0.000946369884981356,0.00102007709989592,0.00108858448272158,0.00115013371850086,0.00120307191217231,0.0012459249833489,0.00127746572446677,0.00129677214650501,0.00130327224393925,0.00129677214650501,0.00127746572446677,0.0012459249833489,0.00120307191217231,0.00115013371850086,0.00108858448272158,0.00102007709989592,0.000946369884981356,0.000869252364942969,0.000790474573901638,0.000711683643364574,0.000634370704867445,0.000559830182135927,0.00048913253797537,0.000423110549634531,0.000362358296460446,0.000307241318192835,0.000257915881627361,0.000214354994093998,0.000176378718267934,0.000143686449509058,0.000115889075921002,9.25393066999568e-05,7.31588783218391e-05,5.72617860751881e-05,4.43731027323813e-05,3.40433084351729e-05,2.58583480697067e-05,1.94458463415716e-05,1.44780468463084e-05,1.06721067459509e-05,7.78838476820674e-06,5.62732103571862e-06,4.02543706098247e-06,2.85089645819139e-06,1.99897288582118e-06,1.38768028253295e-06,9.53737780574524e-07,6.48971479564287e-07,4.37199131824265e-07],[5.93115273525412e-07,8.80410935414855e-07,1.29386451943907e-06,1.88256176746294e-06,2.71185659723652e-06,3.86759741616433e-06,5.46100856495672e-06,7.63416441699879e-06,1.05659175095821e-05,1.44780468463084e-05,1.96412803463974e-05,2.63807213515931e-05,3.50800815278019e-05,4.61840034082083e-05,6.01976606277125e-05,7.76827707063939e-05,9.92491635232971e-05,0.000125541137230023,0.000157218017969718,0.000194928629997179,0.000239279779200471,0.000290799344507169,0.000349895133688072,0.000416811254216991,0.000491584325024984,0.000574002350669911,0.000663569430801279,0.000759479622523127,0.000860603159397859,0.000965487824818947,0.00107237757119565,0.00117924949220392,0.00128386904805783,0.00138386209871288,0.0014768009271447,0.0015603001593188,0.00163211743646747,0.00169025298428123,0.00173304194229509,0.00175923351715074,0.00176805171185202,0.00175923351715074,0.00173304194229508,0.00169025298428123,0.00163211743646747,0.0015603001593188,0.00147680092714469,0.00138386209871288,0.00128386904805783,0.00117924949220392,0.00107237757119565,0.000965487824818946,0.000860603159397858,0.000759479622523127,0.000663569430801278,0.000574002350669911,0.000491584325024983,0.000416811254216991,0.000349895133688072,0.000290799344507169,0.000239279779200471,0.000194928629997179,0.000157218017969718,0.000125541137230023,9.9249163523297e-05,7.76827707063939e-05,6.01976606277124e-05,4.61840034082083e-05,3.50800815278019e-05,2.63807213515931e-05,1.96412803463974e-05,1.44780468463084e-05,1.05659175095821e-05,7.63416441699877e-06,5.46100856495671e-06,3.86759741616433e-06,2.71185659723652e-06,1.88256176746294e-06,1.29386451943906e-06,8.80410935414855e-07,5.93115273525412e-07],[7.96628757611402e-07,1.18250313383134e-06,1.73782354062756e-06,2.52851833173451e-06,3.64236607672565e-06,5.19467203443725e-06,7.33482454860489e-06,1.02536474550159e-05,1.41913623108246e-05,1.94458463415716e-05,2.63807213515931e-05,3.54326422084826e-05,4.71169821648543e-05,6.20309523272213e-05,8.08530647203317e-05,0.00010433777695154,0.000133304167605705,0.000168617610513095,0.000211163663995541,0.000261813781011816,0.000321382978544784,0.00039058026469627,0.000469953376832509,0.000559830182135928,0.000660259864458058,0.000770957687132641,0.000891257593327647,0.00102007709989592,0.00115589878775595,0.00129677214650501,0.00144033858233685,0.0015838810764465,0.00172439835954793,0.00185870166156818,0.00198353025178037,0.00209568027144347,0.00219213994939093,0.00227022333603626,0.00232769431340539,0.00236287290796953,0.00237471685770884,0.00236287290796953,0.00232769431340539,0.00227022333603626,0.00219213994939093,0.00209568027144347,0.00198353025178037,0.00185870166156818,0.00172439835954793,0.0015838810764465,0.00144033858233685,0.00129677214650501,0.00115589878775595,0.00102007709989592,0.000891257593327646,0.000770957687132641,0.000660259864458056,0.000559830182135927,0.000469953376832508,0.00039058026469627,0.000321382978544784,0.000261813781011816,0.000211163663995541,0.000168617610513095,0.000133304167605705,0.00010433777695154,8.08530647203316e-05,6.20309523272213e-05,4.71169821648542e-05,3.54326422084826e-05,2.63807213515931e-05,1.94458463415716e-05,1.41913623108246e-05,1.02536474550159e-05,7.33482454860488e-06,5.19467203443725e-06,3.64236607672564e-06,2.52851833173451e-06,1.73782354062756e-06,1.18250313383133e-06,7.96628757611402e-07],[1.05932667238123e-06,1.57244776550355e-06,2.31089175590215e-06,3.3623276649496e-06,4.84348010134755e-06,6.90767761993918e-06,9.75357116766802e-06,1.36349110354246e-05,1.88711347282487e-05,2.58583480697068e-05,3.50800815278019e-05,4.71169821648543e-05,6.26543737625001e-05,8.24864049729524e-05,0.000107515335322345,0.000138744413888766,0.000177262820272407,0.00022422129573289,0.000280797422100272,0.000348150024428424,0.000427362881353433,0.000519378804926734,0.000624926155499332,0.000744440918400685,0.000877988496448956,0.00102519025763734,0.00118516050488204,0.00135645979319787,0.00153707031630951,0.00172439835954793,0.00191530755442986,0.00210618491251872,0.0022930394598818,0.00247163089115965,0.00263762321044777,0.00278675604804883,0.0029150244650282,0.00301885678761628,0.00309527951104077,0.00314205867029484,0.00315780830492116,0.00314205867029484,0.00309527951104077,0.00301885678761628,0.0029150244650282,0.00278675604804883,0.00263762321044777,0.00247163089115965,0.0022930394598818,0.00210618491251872,0.00191530755442986,0.00172439835954793,0.00153707031630951,0.00135645979319786,0.00118516050488203,0.00102519025763734,0.000877988496448955,0.000744440918400684,0.000624926155499331,0.000519378804926734,0.000427362881353433,0.000348150024428424,0.000280797422100272,0.00022422129573289,0.000177262820272407,0.000138744413888766,0.000107515335322345,8.24864049729524e-05,6.26543737624999e-05,4.71169821648543e-05,3.50800815278019e-05,2.58583480697067e-05,1.88711347282487e-05,1.36349110354245e-05,9.753571167668e-06,6.90767761993918e-06,4.84348010134754e-06,3.3623276649496e-06,2.31089175590214e-06,1.57244776550355e-06,1.05932667238123e-06],[1.39463605889533e-06,2.07017571791248e-06,3.04235988294388e-06,4.42660750986217e-06,6.37659012653499e-06,9.0941694787465e-06,1.28408756317393e-05,1.79507786272275e-05,2.48444277392991e-05,3.40433084351729e-05,4.61840034082083e-05,6.20309523272213e-05,8.24864049729524e-05,0.000108595882406445,0.000141547236970546,0.000182661276851089,0.00023337194040217,0.000295194213790914,0.000369678419618759,0.000458350186615932,0.000562636342601606,0.000683778128562132,0.000822734453241963,0.000980079304701126,0.00115589878775595,0.001349694421755,0.0015603001593188,0.00178582092696958,0.00202360022084994,0.00227022333603626,0.0025215611472126,0.00277285704427427,0.00301885678761627,0.00325397788516208,0.0034725118652973,0.00366884982062915,0.00383771912619919,0.00397441756392915,0.00407503042357443,0.00413661662167693,0.00415735149878043,0.00413661662167693,0.00407503042357443,0.00397441756392915,0.00383771912619919,0.00366884982062915,0.0034725118652973,0.00325397788516207,0.00301885678761627,0.00277285704427427,0.0025215611472126,0.00227022333603626,0.00202360022084994,0.00178582092696958,0.00156030015931879,0.001349694421755,0.00115589878775595,0.000980079304701125,0.000822734453241962,0.000683778128562131,0.000562636342601606,0.000458350186615931,0.000369678419618759,0.000295194213790914,0.00023337194040217,0.000182661276851089,0.000141547236970545,0.000108595882406445,8.24864049729521e-05,6.20309523272213e-05,4.61840034082083e-05,3.40433084351728e-05,2.48444277392991e-05,1.79507786272274e-05,1.28408756317393e-05,9.0941694787465e-06,6.37659012653497e-06,4.42660750986217e-06,3.04235988294387e-06,2.07017571791247e-06,1.39463605889533e-06],[1.81781183910164e-06,2.69833115603135e-06,3.96550611089451e-06,5.76977734596752e-06,8.31144509076822e-06,1.18536221975764e-05,1.67371950545267e-05,2.33976009020686e-05,3.23829966908898e-05,4.43731027323815e-05,6.01976606277125e-05,8.08530647203317e-05,0.000107515335322345,0.000141547236970546,0.00018449705320325,0.000238086366322938,0.000304184215997692,0.000384765282125621,0.000481850303207886,0.000597427830989002,0.000733357637045584,0.000891257593327647,0.00107237757119566,0.00127746572446678,0.00150663428482578,0.00175923351715074,0.00203374355916805,0.00232769431340539,0.00263762321044777,0.00295907941812457,0.00328668090659615,0.00361422776291234,0.00393487144841784,0.00424133557001804,0.00452617952898643,0.00478209250168696,0.00500220198542513,0.00518037896350287,0.00531152088132616,0.00539179423961339,0.00541882072070905,0.00539179423961339,0.00531152088132616,0.00518037896350287,0.00500220198542513,0.00478209250168696,0.00452617952898643,0.00424133557001804,0.00393487144841784,0.00361422776291234,0.00328668090659615,0.00295907941812457,0.00263762321044777,0.00232769431340539,0.00203374355916804,0.00175923351715074,0.00150663428482577,0.00127746572446677,0.00107237757119565,0.000891257593327647,0.000733357637045584,0.000597427830989001,0.000481850303207886,0.00038476528212562,0.000304184215997692,0.000238086366322938,0.00018449705320325,0.000141547236970546,0.000107515335322345,8.08530647203316e-05,6.01976606277125e-05,4.43731027323814e-05,3.23829966908898e-05,2.33976009020686e-05,1.67371950545267e-05,1.18536221975764e-05,8.3114450907682e-06,5.76977734596752e-06,3.9655061108945e-06,2.69833115603135e-06,1.81781183910164e-06],[2.34581641232903e-06,3.48209279726403e-06,5.11733344344627e-06,7.44567622595291e-06,1.07256009036288e-05,1.52966445142993e-05,2.15987078589302e-05,3.01937059846204e-05,4.17890143984471e-05,5.72617860751881e-05,7.76827707063939e-05,0.00010433777695154,0.000138744413888766,0.000182661276851089,0.000238086366322938,0.000307241318192835,0.00039253805642033,0.000496524829627443,0.000621809323295741,0.000770957687132642,0.000946369884981356,0.00115013371850087,0.00138386209871288,0.00164852048940495,0.00194425372125894,0.00227022333603626,0.00262446800980379,0.00300380017657373,0.00340375152340638,0.00381857842220464,0.00424133557001804,0.00466402221713165,0.00507780058725173,0.00547328077435132,0.00584086097133751,0.00617110684089104,0.0064551496820453,0.00668508023397773,0.00685431384581635,0.00695790353386459,0.00699278017046579,0.00695790353386459,0.00685431384581635,0.00668508023397773,0.0064551496820453,0.00617110684089104,0.00584086097133751,0.00547328077435132,0.00507780058725173,0.00466402221713165,0.00424133557001804,0.00381857842220463,0.00340375152340638,0.00300380017657372,0.00262446800980379,0.00227022333603626,0.00194425372125893,0.00164852048940495,0.00138386209871288,0.00115013371850086,0.000946369884981356,0.00077095768713264,0.000621809323295741,0.000496524829627442,0.00039253805642033,0.000307241318192835,0.000238086366322938,0.000182661276851089,0.000138744413888765,0.00010433777695154,7.76827707063939e-05,5.72617860751881e-05,4.17890143984471e-05,3.01937059846204e-05,2.15987078589302e-05,1.52966445142993e-05,1.07256009036288e-05,7.44567622595291e-06,5.11733344344626e-06,3.48209279726403e-06,2.34581641232903e-06],[2.99706504525739e-06,4.44879597234175e-06,6.53801427412311e-06,9.51275463750036e-06,1.37032563114057e-05,1.95433190519874e-05,2.75949694982551e-05,3.85761222905931e-05,5.33905354532819e-05,7.31588783218392e-05,9.92491635232971e-05,0.000133304167605705,0.000177262820272407,0.00023337194040217,0.000304184215997692,0.00039253805642033,0.000501514987126636,0.000634370704867446,0.000794436844192146,0.000984991972659808,0.00120910233522744,0.0014694353517923,0.00176805171185202,0.00210618491251872,0.00248401999255833,0.00290048571985503,0.00335307626514974,0.0038377191261992,0.00434870549115759,0.00487869717835293,0.00541882072070904,0.00595885418986851,0.00648750625447711,0.00699278017046579,0.0074624084644474,0.00788433762598687,0.00824723681370882,0.00854100098741466,0.00875721745681033,0.00888956585008901,0.00893412498434359,0.00888956585008901,0.00875721745681033,0.00854100098741466,0.00824723681370882,0.00788433762598687,0.0074624084644474,0.00699278017046579,0.0064875062544771,0.00595885418986851,0.00541882072070904,0.00487869717835293,0.00434870549115759,0.00383771912619919,0.00335307626514974,0.00290048571985503,0.00248401999255833,0.00210618491251872,0.00176805171185202,0.00146943535179229,0.00120910233522744,0.000984991972659806,0.000794436844192146,0.000634370704867444,0.000501514987126636,0.00039253805642033,0.000304184215997691,0.00023337194040217,0.000177262820272407,0.000133304167605705,9.92491635232971e-05,7.31588783218391e-05,5.33905354532819e-05,3.85761222905929e-05,2.75949694982551e-05,1.95433190519874e-05,1.37032563114057e-05,9.51275463750036e-06,6.5380142741231e-06,4.44879597234174e-06,2.99706504525739e-06],[3.79101385620891e-06,5.62732103571864e-06,8.26999158543914e-06,1.20327667557787e-05,1.73333690684914e-05,2.47205156390035e-05,3.49051188912597e-05,4.87952753490835e-05,6.75341564622006e-05,9.2539306699957e-05,0.000125541137230023,0.000168617610513095,0.00022422129573289,0.000295194213790914,0.000384765282125621,0.000496524829627443,0.000634370704867446,0.000802421067214098,0.00100489013042313,0.0012459249833489,0.0015294041461246,0.00185870166156818,0.00223642411389482,0.00266413176441785,0.00314205867029484,0.00366884982062916,0.00424133557001804,0.0048543645746633,0.00550071570840212,0.00617110684089104,0.00685431384581636,0.00753740691636541,0.00820610354849757,0.00884522895544367,0.00943926590254608,0.00997296779876147,0.010432002163477,0.0108035870427371,0.0110770811508201,0.0112444897940061,0.0113008530336518,0.0112444897940061,0.0110770811508201,0.0108035870427371,0.010432002163477,0.00997296779876147,0.00943926590254607,0.00884522895544367,0.00820610354849757,0.00753740691636541,0.00685431384581636,0.00617110684089104,0.00550071570840211,0.00485436457466329,0.00424133557001804,0.00366884982062916,0.00314205867029484,0.00266413176441785,0.00223642411389481,0.00185870166156818,0.0015294041461246,0.0012459249833489,0.00100489013042313,0.000802421067214097,0.000634370704867445,0.000496524829627443,0.00038476528212562,0.000295194213790914,0.00022422129573289,0.000168617610513095,0.000125541137230023,9.2539306699957e-05,6.75341564622006e-05,4.87952753490834e-05,3.49051188912596e-05,2.47205156390035e-05,1.73333690684914e-05,1.20327667557787e-05,8.26999158543911e-06,5.62732103571864e-06,3.79101385620891e-06],[4.74757276952854e-06,7.04722196433478e-06,1.0356698325161e-05,1.50689071468999e-05,2.17069718326092e-05,3.09580632907003e-05,4.37124732989022e-05,6.11074317624941e-05,8.45745582564694e-05,0.000115889075921002,0.000157218017969718,0.000211163663995541,0.000280797422100272,0.000369678419618759,0.000481850303207886,0.000621809323295741,0.000794436844192146,0.00100489013042313,0.00125844673760589,0.0015603001593188,0.00191530755442986,0.00232769431340539,0.00280072472086974,0.00333635272750878,0.00393487144841784,0.00459458397267034,0.00531152088132616,0.0060792310295279,0.00688867123694539,0.00772821728089486,0.00858381293302424,0.00943926590254607,0.0102766898852062,0.0110770811508201,0.0118210071139337,0.0124893741222389,0.0130642332846849,0.0135295774699757,0.0138720803542728,0.0140817300010213,0.0141523149663879,0.0140817300010213,0.0138720803542728,0.0135295774699757,0.0130642332846849,0.0124893741222389,0.0118210071139337,0.0110770811508201,0.0102766898852062,0.00943926590254607,0.00858381293302424,0.00772821728089486,0.00688867123694539,0.00607923102952789,0.00531152088132615,0.00459458397267034,0.00393487144841783,0.00333635272750878,0.00280072472086973,0.00232769431340539,0.00191530755442986,0.00156030015931879,0.00125844673760589,0.00100489013042313,0.000794436844192146,0.000621809323295741,0.000481850303207885,0.000369678419618759,0.000280797422100272,0.000211163663995541,0.000157218017969718,0.000115889075921002,8.45745582564694e-05,6.1107431762494e-05,4.37124732989022e-05,3.09580632907003e-05,2.17069718326092e-05,1.50689071468999e-05,1.0356698325161e-05,7.04722196433477e-06,4.74757276952854e-06],[5.88633458001208e-06,8.73758199304103e-06,1.28408756317394e-05,1.86833638003608e-05,2.69136472737678e-05,3.83837230780031e-05,5.41974300654553e-05,7.57647762637703e-05,0.000104860772234933,0.000143686449509058,0.000194928629997179,0.000261813781011816,0.000348150024428424,0.000458350186615932,0.000597427830989002,0.000770957687132642,0.000984991972659808,0.0012459249833489,0.0015603001593188,0.00193455671536945,0.00237471685770884,0.00288601948697592,0.0034725118652973,0.00413661662167694,0.00487869717835294,0.00569664960012491,0.0065855523556959,0.00753740691636542,0.00854100098741467,0.00958192213805622,0.0106427425863413,0.0117033861278979,0.0127416762156037,0.0137340508485029,0.0146564163043312,0.015485099091118,0.0161978450627566,0.0167748075870734,0.0171994638629143,0.0174594004716302,0.0175469160806869,0.0174594004716302,0.0171994638629143,0.0167748075870734,0.0161978450627566,0.015485099091118,0.0146564163043312,0.0137340508485029,0.0127416762156037,0.0117033861278978,0.0106427425863413,0.00958192213805621,0.00854100098741466,0.00753740691636541,0.0065855523556959,0.00569664960012491,0.00487869717835293,0.00413661662167693,0.0034725118652973,0.00288601948697592,0.00237471685770884,0.00193455671536945,0.0015603001593188,0.0012459249833489,0.000984991972659807,0.000770957687132642,0.000597427830989,0.000458350186615932,0.000348150024428423,0.000261813781011816,0.000194928629997179,0.000143686449509058,0.000104860772234933,7.57647762637701e-05,5.41974300654552e-05,3.83837230780031e-05,2.69136472737677e-05,1.86833638003608e-05,1.28408756317393e-05,8.73758199304102e-06,5.88633458001208e-06],[7.22562323772432e-06,1.07256009036288e-05,1.57624966940349e-05,2.29342973627686e-05,3.30371766181278e-05,4.71169821648543e-05,6.65287038619352e-05,9.30031619051052e-05,0.000128719226249775,0.000176378718267934,0.000239279779200471,0.000321382978544784,0.000427362881353433,0.000562636342601606,0.000733357637045584,0.000946369884981356,0.00120910233522744,0.0015294041461246,0.00191530755442986,0.00237471685770884,0.00291502446502819,0.00354266125823511,0.00426259535303447,0.00507780058725174,0.00598872307079336,0.00699278017046579,0.00808393058324402,0.00925235591466535,0.0104842927919267,0.0117620495949896,0.0130642332846849,0.014366199816937,0.0156407269242987,0.0168588916600161,0.0179911183761015,0.0190083472677859,0.0198832608129238,0.0205914967730671,0.0211127729956557,0.021431851698156,0.0215392793018486,0.021431851698156,0.0211127729956557,0.0205914967730671,0.0198832608129238,0.0190083472677859,0.0179911183761015,0.0168588916600161,0.0156407269242987,0.0143661998169369,0.0130642332846849,0.0117620495949895,0.0104842927919267,0.00925235591466534,0.00808393058324401,0.00699278017046579,0.00598872307079335,0.00507780058725173,0.00426259535303447,0.00354266125823511,0.00291502446502819,0.00237471685770883,0.00191530755442986,0.0015294041461246,0.00120910233522744,0.000946369884981356,0.000733357637045583,0.000562636342601606,0.000427362881353432,0.000321382978544784,0.000239279779200471,0.000176378718267934,0.000128719226249775,9.30031619051049e-05,6.65287038619351e-05,4.71169821648543e-05,3.30371766181277e-05,2.29342973627686e-05,1.57624966940349e-05,1.07256009036288e-05,7.22562323772432e-06],[8.78137930504187e-06,1.30349406148842e-05,1.91563354067687e-05,2.78723035523951e-05,4.01504437066124e-05,5.72617860751882e-05,8.08530647203317e-05,0.000113027764441558,0.000156433889833809,0.000214354994093998,0.000290799344507169,0.00039058026469627,0.000519378804926734,0.000683778128562132,0.000891257593327647,0.00115013371850087,0.0014694353517923,0.00185870166156818,0.00232769431340539,0.00288601948697592,0.00354266125823511,0.00430543514854467,0.00518037896350287,0.00617110684089104,0.00727816094297969,0.00849840256727461,0.00982448965183679,0.0112444897940061,0.0127416762156037,0.0142945480964279,0.0158771062409424,0.0174594004716302,0.0190083472677859,0.0204887962544576,0.0218648038217135,0.0231010532695523,0.024164345313187,0.0250250722565763,0.0256585849768841,0.0260463648295876,0.0261769227766075,0.0260463648295876,0.0256585849768841,0.0250250722565763,0.024164345313187,0.0231010532695523,0.0218648038217135,0.0204887962544576,0.0190083472677859,0.0174594004716302,0.0158771062409424,0.0142945480964279,0.0127416762156037,0.011244489794006,0.00982448965183678,0.00849840256727461,0.00727816094297967,0.00617110684089104,0.00518037896350286,0.00430543514854467,0.00354266125823511,0.00288601948697592,0.00232769431340539,0.00185870166156817,0.00146943535179229,0.00115013371850087,0.000891257593327645,0.000683778128562132,0.000519378804926733,0.00039058026469627,0.000290799344507169,0.000214354994093998,0.000156433889833809,0.000113027764441557,8.08530647203316e-05,5.72617860751882e-05,4.01504437066123e-05,2.78723035523951e-05,1.91563354067687e-05,1.30349406148842e-05,8.78137930504187e-06],[1.05659175095821e-05,1.56838809137982e-05,2.30492560066952e-05,3.35364696030785e-05,4.8309754247105e-05,6.88984369203138e-05,9.72838984123412e-05,0.000135997090422491,0.000188224140908943