---
title: plotly
header-include: |-
  <script src="lines_files/htmlwidgets-1.5.2/htmlwidgets.js"></script>
  <script src="lines_files/plotly-binding-4.9.2.1/plotly.js"></script>
  <script src="lines_files/typedarray-0.1/typedarray.min.js"></script>
  <script src="lines_files/jquery-1.11.3/jquery.min.js"></script>
  <link href="lines_files/crosstalk-1.1.0.1/css/crosstalk.css" rel="stylesheet" />
  <script src="lines_files/crosstalk-1.1.0.1/js/crosstalk.min.js"></script>
  <link href="lines_files/plotly-htmlwidgets-css-1.52.2/plotly-htmlwidgets.css" rel="stylesheet" />
  <script src="lines_files/plotly-main-1.52.2/plotly-latest.min.js"></script>
head: ''
background-color: white

---
<div id="htmlwidget_container">
  <div id="htmlwidget-9d3b86c73275527daa95" style="width:100%;height:400px;" class="plotly html-widget"></div>
</div>
<script type="application/json" data-for="htmlwidget-9d3b86c73275527daa95">{"x":{"visdat":{"51461a534e7":["function () ","plotlyVisDat"]},"cur_data":"51461a534e7","attrs":{"51461a534e7":{"x":{},"y":{},"z":{},"alpha_stroke":1,"sizes":[10,100],"spans":[1,20],"type":"surface"},"51461a534e7.1":{"x":{},"y":{},"z":{},"alpha_stroke":1,"sizes":[10,100],"spans":[1,20],"type":"surface","contours":{"z":{"show":true,"usecolormap":true,"highlightcolor":"#ff0000","project":{"z":true}}},"inherit":true}},"layout":{"margin":{"b":40,"l":60,"t":25,"r":10},"scene":{"camera":{"eye":{"x":1.87,"y":0.88,"z":-0.64}},"xaxis":{"title":"coords$x"},"yaxis":{"title":"coords$y"},"zaxis":{"title":"coords$z"}},"hovermode":"closest","showlegend":false,"legend":{"yanchor":"top","y":0.333333333333333}},"source":"A","config":{"showSendToCloud":false},"data":[{"colorbar":{"title":"coords$z<br />coords$z","ticklen":2,"len":0.333333333333333,"lenmode":"fraction","y":1,"yanchor":"top"},"colorscale":[["0","rgba(68,1,84,1)"],["0.0416666666666667","rgba(70,19,97,1)"],["0.0833333333333333","rgba(72,32,111,1)"],["0.125","rgba(71,45,122,1)"],["0.166666666666667","rgba(68,58,128,1)"],["0.208333333333333","rgba(64,70,135,1)"],["0.25","rgba(60,82,138,1)"],["0.291666666666667","rgba(56,93,140,1)"],["0.333333333333333","rgba(49,104,142,1)"],["0.375","rgba(46,114,142,1)"],["0.416666666666667","rgba(42,123,142,1)"],["0.458333333333333","rgba(38,133,141,1)"],["0.5","rgba(37,144,140,1)"],["0.541666666666667","rgba(33,154,138,1)"],["0.583333333333333","rgba(39,164,133,1)"],["0.625","rgba(47,174,127,1)"],["0.666666666666667","rgba(53,183,121,1)"],["0.708333333333333","rgba(79,191,110,1)"],["0.75","rgba(98,199,98,1)"],["0.791666666666667","rgba(119,207,85,1)"],["0.833333333333333","rgba(147,214,70,1)"],["0.875","rgba(172,220,52,1)"],["0.916666666666667","rgba(199,225,42,1)"],["0.958333333333333","rgba(226,228,40,1)"],["1","rgba(253,231,37,1)"]],"showscale":true,"x":[-7,-6.8,-6.6,-6.4,-6.2,-6,-5.8,-5.6,-5.4,-5.2,-5,-4.8,-4.6,-4.4,-4.2,-4,-3.8,-3.6,-3.4,-3.2,-3,-2.8,-2.6,-2.4,-2.2,-2,-1.8,-1.6,-1.4,-1.2,-1,-0.8,-0.6,-0.399999999999999,-0.199999999999999,0,0.2,0.4,0.600000000000001,0.800000000000001,1,1.2,1.4,1.6,1.8,2,2.2,2.4,2.6,2.8,3,3.2,3.4,3.6,3.8,4,4.2,4.4,4.6,4.8,5,5.2,5.4,5.6,5.8,6,6.2,6.4,6.6,6.8,7],"y":[-7,-6.8,-6.6,-6.4,-6.2,-6,-5.8,-5.6,-5.4,-5.2,-5,-4.8,-4.6,-4.4,-4.2,-4,-3.8,-3.6,-3.4,-3.2,-3,-2.8,-2.6,-2.4,-2.2,-2,-1.8,-1.6,-1.4,-1.2,-1,-0.8,-0.6,-0.399999999999999,-0.199999999999999,0,0.2,0.4,0.600000000000001,0.800000000000001,1,1.2,1.4,1.6,1.8,2,2.2,2.4,2.6,2.8,3,3.2,3.4,3.6,3.8,4,4.2,4.4,4.6,4.8,5,5.2,5.4,5.6,5.8,6,6.2,6.4,6.6,6.8,7],"z":[[4.09115197960078e-09,6.54725595524437e-09,1.02183700889653e-08,1.55529415119725e-08,2.30861786475239e-08,3.34195168992559e-08,4.71798858175531e-08,6.49564386187922e-08,8.72159926917772e-08,1.14203299947411e-07,1.45837691258646e-07,1.81622441718406e-07,2.20585947395587e-07,2.61273146895976e-07,3.01800748627442e-07,3.39980847086689e-07,3.73505664730701e-07,4.00173694183675e-07,4.18127259874379e-07,4.2606614879618e-07,4.23403244061681e-07,4.10336296239509e-07,3.8782364997631e-07,3.57468062949829e-07,3.21328174591301e-07,2.81688403987337e-07,2.40822873301862e-07,2.00786773354677e-07,1.63260480336621e-07,1.29460011577459e-07,1.00114922487548e-07,7.55041098269996e-08,5.55329788738366e-08,3.98327188795414e-08,2.78636197354173e-08,1.90083193667418e-08,1.26461552196304e-08,8.20506259084212e-09,5.19175142703775e-09,3.20371950916422e-09,1.92798514411104e-09,1.13151804103899e-09,6.47631381572866e-10,3.61495494647366e-10,1.96782509930066e-10,1.04466899312416e-10,5.40853339825696e-11,2.73079393411381e-11,1.34464284552534e-11,6.45704129284946e-12,3.02390946492183e-12,1.38106019224123e-12,6.15127343500485e-13,2.67193605429791e-13,1.13186776131892e-13,4.67599375536319e-14,1.88391262756647e-14,7.40212123898524e-15,2.83635269406192e-15,1.05991948250514e-15,3.86272792278198e-16,1.37285277315564e-16,4.75841607476071e-17,1.60845703646841e-17,5.3023100372588e-18,1.70462704256234e-18,5.34444032126347e-19,1.63411904743227e-19,4.87274578904267e-20,1.41700838396657e-20,4.01864540780181e-21],[6.54725595524437e-09,1.05967857704487e-08,1.67262118070423e-08,2.57471777871113e-08,3.86518489846918e-08,5.65873711440479e-08,8.07936754487422e-08,1.12497744333307e-07,1.52763241841158e-07,2.02303091713538e-07,2.61273146895976e-07,3.29075564277335e-07,4.04208177577051e-07,4.84198186720659e-07,5.65652647612451e-07,6.44443862723469e-07,7.16026279953266e-07,7.75856556970353e-07,8.19865307503803e-07,8.44913378550712e-07,8.49161834127393e-07,8.32295120086353e-07,7.95559804723768e-07,7.41612291194198e-07,6.74201334619435e-07,5.97738045401144e-07,5.16821762330784e-07,4.35792035167098e-07,3.58365659623689e-07,2.87396905267795e-07,2.24774163525312e-07,1.71442817524276e-07,1.27526606416228e-07,9.25104754122554e-08,6.54469820881565e-08,4.51540739162679e-08,3.03817549457456e-08,1.99359701948419e-08,1.27576445341068e-08,7.96181754828843e-09,4.84576721572875e-09,2.87621585467031e-09,1.66490327203711e-09,9.39864270730559e-10,5.17427939570418e-10,2.77807018496992e-10,1.45460526023445e-10,7.42772294842743e-11,3.69891917139255e-11,1.79639810590055e-11,8.5082244465802e-12,3.92992163130175e-12,1.7702615809755e-12,7.77677619589169e-13,3.33173429852546e-13,1.39203360905726e-13,5.67201909873061e-14,2.25389795981343e-14,8.73452754399069e-15,3.30105826054585e-15,1.21667773947208e-15,4.37327248233963e-16,1.53301397902044e-16,5.24076028099985e-17,1.7472340203292e-17,5.68089106987683e-18,1.8013182486812e-18,5.57022884643363e-19,1.67982573207357e-19,4.9404217334989e-20,1.41700838396659e-20],[1.02183700889653e-08,1.67262118070423e-08,2.6700669953059e-08,4.15676360869804e-08,6.31098428023003e-08,9.3443150353634e-08,1.34929356041142e-07,1.90008935900029e-07,2.60945736980332e-07,3.49490189374996e-07,4.56486958111625e-07,5.8147408193302e-07,7.22338813502997e-07,8.75104956438918e-07,1.03392238486179e-06,1.19130875896778e-06,1.33865706388631e-06,1.46697575259717e-06,1.56778007015732e-06,1.63401464825217e-06,1.66086890387875e-06,1.64635453682349e-06,1.59154886762242e-06,1.5004626642398e-06,1.37955497350241e-06,1.23697644983443e-06,1.08166419464506e-06,9.22427153298512e-07,7.6715002913834e-07,6.22210212996276e-07,4.92155754233306e-07,3.79644053152972e-07,2.85600680475283e-07,2.0953205707916e-07,1.49916804939898e-07,1.04606521669664e-07,7.11829213018871e-08,4.72390826552343e-08,3.05728345376526e-08,1.92965006632003e-08,1.18776360566504e-08,7.13000889105478e-09,4.17406042021642e-09,2.38306557727522e-09,1.32685008914815e-09,7.20470701863696e-10,3.81521831258227e-10,1.97029413925211e-10,9.92319074177346e-11,4.87394041522041e-11,2.33462802266488e-11,1.09059568472932e-11,4.96842179378802e-12,2.2074035855801e-12,9.56430972305737e-13,4.04142125969643e-13,1.66541784663268e-13,6.69300129630078e-14,2.62317464758389e-14,1.00263325686417e-14,3.7373658052126e-15,1.35861908796408e-15,4.81657601255221e-16,1.66528176821299e-16,5.61494670633947e-17,1.84634201320933e-17,5.92089375289235e-18,1.85170153333876e-18,5.64759190092894e-19,1.67982573207358e-19,4.87274578904271e-20],[1.55529415119725e-08,2.57471777871113e-08,4.15676360869804e-08,6.54469820881565e-08,1.00492239588828e-07,1.50481817356305e-07,2.19757715776956e-07,3.12977299776961e-07,4.34700509037974e-07,5.88811197581796e-07,7.77804720560635e-07,1.00201377281253e-06,1.25888311857163e-06,1.54243094918099e-06,1.84303954736559e-06,2.14769289315014e-06,2.44072195698798e-06,2.70503593310028e-06,2.92372399031338e-06,3.08182735976035e-06,3.16802677801745e-06,3.17598164334214e-06,3.10510096153384e-06,2.96061592016642e-06,2.75294171668783e-06,2.49643674325706e-06,2.20776435607558e-06,1.9041163019918e-06,1.60155857603683e-06,1.31371387193218e-06,1.05091440880161e-06,8.19865307503798e-07,6.23772573037666e-07,4.62826953539175e-07,3.34903443520384e-07,2.36335621624219e-07,1.62647488015559e-07,1.09162666958261e-07,7.14511983265196e-08,4.56093096401702e-08,2.83926600618127e-08,1.72372217715496e-08,1.02055651155932e-08,5.89271516446617e-09,3.31819911091798e-09,1.82220837528058e-09,9.75893075731135e-10,5.09700473484629e-10,2.59618980307629e-10,1.28963391265541e-10,6.24748255977632e-11,2.95156439146451e-11,1.35990344633877e-11,6.11044006842835e-12,2.67759880595572e-12,1.14426634528528e-12,4.76889045315433e-13,1.93827846282901e-13,7.68287197459577e-14,2.96988494452065e-14,1.1196035209737e-14,4.11620967141044e-15,1.47584016068688e-15,5.16047599344759e-16,1.75974120049692e-16,5.8521634137072e-17,1.89798462288965e-17,6.00312707556086e-18,1.85170153333874e-18,5.57022884643359e-19,1.63411904743227e-19],[2.30861786475239e-08,3.86518489846918e-08,6.31098428023003e-08,1.00492239588828e-07,1.56054592561152e-07,2.3633562162422e-07,3.49052231801548e-07,5.02759464762894e-07,7.06217855214394e-07,9.6744377450052e-07,1.29247269627126e-06,1.68393615929369e-06,2.1396289743819e-06,2.65130640155436e-06,3.20398130095002e-06,3.775970802691e-06,4.33986164639449e-06,4.86442759990862e-06,5.31736173105375e-06,5.66851460159947e-06,5.89319668740275e-06,5.97504533474714e-06,5.90799441143258e-06,5.69701744352626e-06,5.3575178283842e-06,4.91346993491304e-06,4.39462258551225e-06,3.83321753452007e-06,3.26072333270777e-06,2.70503593310028e-06,2.18847065856535e-06,1.72670052217676e-06,1.32862345409322e-06,9.97000581180582e-07,7.29621311052999e-07,5.20724740168354e-07,3.62432817899177e-07,2.46011507215886e-07,1.62851562628723e-07,1.05132511873662e-07,6.61897520150661e-08,4.06399410566325e-08,2.4334587404274e-08,1.42103085269256e-08,8.09266624289627e-09,4.4945721288396e-09,2.43440976524233e-09,1.28590122745209e-09,6.62414976198291e-10,3.32783110477456e-10,1.63042570279522e-10,7.79021335123822e-11,3.62999722461179e-11,1.64957412768485e-11,7.31048149594027e-12,3.15957544699485e-12,1.33174195130124e-12,5.474192098649e-13,2.19446464624325e-13,8.57917933108511e-14,3.27093192605399e-14,1.21620243299798e-14,4.41010401122173e-15,1.55955393596581e-15,5.3784925103691e-16,1.80896156557854e-16,5.93344216357041e-17,1.89798462288966e-17,5.92089375289231e-18,1.80131824868119e-18,5.34444032126347e-19],[3.34195168992559e-08,5.65873711440479e-08,9.3443150353634e-08,1.50481817356305e-07,2.3633562162422e-07,3.61978641495117e-07,5.40686228977714e-07,7.87619161761433e-07,1.11891176601679e-06,1.55018671389492e-06,2.09450201432403e-06,2.75985430996354e-06,3.54650138132754e-06,4.44449797154975e-06,5.43192661034698e-06,6.4743127884374e-06,7.52561615487188e-06,8.53098251088943e-06,9.43114978358473e-06,1.01680772091026e-05,1.06910812623966e-05,1.09625863762896e-05,1.09625863762896e-05,1.06910812623966e-05,1.01680772091026e-05,9.4311497835847e-06,8.53098251088943e-06,7.52561615487187e-06,6.4743127884374e-06,5.43192661034698e-06,4.44449797154975e-06,3.54650138132754e-06,2.75985430996354e-06,2.09450201432403e-06,1.55018671389492e-06,1.11891176601679e-06,7.87619161761433e-07,5.40686228977713e-07,3.61978641495115e-07,2.36335621624219e-07,1.50481817356305e-07,9.34431503536336e-08,5.65873711440477e-08,3.3419516899256e-08,1.92481688145779e-08,1.08115328607906e-08,5.92234534814866e-09,3.16379829054353e-09,1.6482855364859e-09,8.374612302854e-10,4.14959370514976e-10,2.00518775507578e-10,9.44959322512562e-11,4.34289956920638e-11,1.94650292651693e-11,8.5082244465802e-12,3.62686522513513e-12,1.50776097763792e-12,6.11282810157585e-13,2.41690994973961e-13,9.31938724747622e-14,3.50447405721703e-14,1.28518883130979e-14,4.59641928853503e-15,1.60317501733336e-15,5.45319260270888e-16,1.80896156557852e-16,5.8521634137072e-17,1.84634201320931e-17,5.68089106987679e-18,1.70462704256234e-18],[4.71798858175531e-08,8.07936754487422e-08,1.34929356041142e-07,2.19757715776956e-07,3.49052231801548e-07,5.40686228977714e-07,8.16786968295388e-07,1.20331933206215e-06,1.72886702192054e-06,2.42242806201629e-06,3.31015850155583e-06,4.41118521387958e-06,5.73284762417713e-06,7.2659784684152e-06,8.98103557809669e-06,1.0825982717285e-05,1.27267304048906e-05,1.45906608151995e-05,1.6313294680262e-05,1.77875856058812e-05,1.89147640233769e-05,1.96152322248302e-05,1.9837849130012e-05,1.95661020508608e-05,1.88201312555496e-05,1.76542626675832e-05,1.61504683938833e-05,1.44088480945296e-05,1.25366645617735e-05,1.06375925374156e-05,8.80264725116037e-06,7.10381836622277e-06,5.59086493927895e-06,4.29116047106515e-06,3.21202644751529e-06,2.34472585223602e-06,1.66922020702525e-06,1.15889422172328e-06,7.84661896800032e-07,5.18119493633037e-07,3.33645985262564e-07,2.0953205707916e-07,1.28328657909132e-07,7.66488124089632e-08,4.46473627236524e-08,2.53626596195769e-08,1.40508429071797e-08,7.59134214279436e-09,3.99984677879668e-09,2.05530721696727e-09,1.02995616509237e-09,5.03349148415485e-10,2.39899054981449e-10,1.11505512595039e-10,5.05443646964757e-11,2.23438366743948e-11,9.63277367436233e-12,4.0499864216139e-12,1.66059750150025e-12,6.64024029074989e-13,2.58947554060237e-13,9.84800891705425e-14,3.65252885459739e-14,1.32113585775777e-14,4.66025742619612e-15,1.60317501733336e-15,5.37849251036906e-16,1.75974120049692e-16,5.61494670633944e-17,1.74723402032919e-17,5.3023100372588e-18],[6.49564386187922e-08,1.12497744333307e-07,1.90008935900029e-07,3.12977299776961e-07,5.02759464762894e-07,7.87619161761433e-07,1.20331933206215e-06,1.7928919482638e-06,2.60516924219235e-06,3.69169972840944e-06,5.10182314257736e-06,6.87595509400088e-06,9.03751989298337e-06,1.15844148891779e-05,1.44812997240041e-05,1.76542626675833e-05,2.09894098461106e-05,2.43365759039148e-05,2.75186625440371e-05,3.03461621086763e-05,3.26353914833301e-05,3.42280755786875e-05,3.50094058362405e-05,3.49217179526821e-05,3.39715265613253e-05,3.22287252335378e-05,2.98180882065379e-05,2.69045086279833e-05,2.36743975726445e-05,2.03161500071088e-05,1.70024884077825e-05,1.38768906586273e-05,1.10453745535447e-05,8.57387862443555e-06,6.49056968584095e-06,4.79178038388028e-06,3.45000397857839e-06,2.42242806201629e-06,1.65878761479805e-06,1.10774368187335e-06,7.2143362713844e-07,4.58207384313106e-07,2.83815682051065e-07,1.71442817524276e-07,1.00997542057143e-07,5.80244344560077e-08,3.25101991702712e-08,1.77638438296286e-08,9.4659207686898e-09,4.91923291522705e-09,2.49310465289358e-09,1.2322312963089e-09,5.93953659921687e-10,2.79203908174603e-10,1.27996774511736e-10,5.72249155734582e-11,2.4950537039789e-11,1.06092146788568e-11,4.39941751459646e-12,1.77916294042465e-12,7.01689326327731e-13,2.69887406095828e-13,1.01234599857043e-13,3.70325761217884e-14,1.32113585775777e-14,4.59641928853506e-15,1.55955393596581e-15,5.16047599344763e-16,1.66528176821298e-16,5.24076028099985e-17,1.60845703646842e-17],[8.72159926917772e-08,1.52763241841158e-07,2.60945736980332e-07,4.34700509037974e-07,7.06217855214394e-07,1.11891176601679e-06,1.72886702192054e-06,2.60516924219235e-06,3.82841400440405e-06,5.48669037423751e-06,7.66850334844921e-06,1.04524806613084e-05,1.38943020624407e-05,1.80120316762356e-05,2.27717952484885e-05,2.80763366198793e-05,3.37592052136334e-05,3.9586999784952e-05,4.52711541123489e-05,5.04892763481833e-05,5.49142843598338e-05,5.82478785858154e-05,6.02536693160788e-05,6.07848695243687e-05,5.98020511811368e-05,5.73779825637436e-05,5.36887225167422e-05,4.89924850637967e-05,4.35997972555098e-05,3.78397338377385e-05,3.20272963585761e-05,2.64363252443509e-05,2.1280924773507e-05,1.67066167134506e-05,1.27907238865115e-05,9.55015325908452e-06,6.953991582463e-06,4.93817620572819e-06,3.41985432379814e-06,2.30970882258224e-06,1.5213020907808e-06,9.77197378745317e-07,6.12149821068744e-07,3.73974304148219e-07,2.22809857548888e-07,1.29460011577459e-07,7.33576625109337e-08,4.05381503996913e-08,2.18469581712203e-08,1.14822401816722e-08,5.88533081059042e-09,2.94187173618025e-09,1.43411900364137e-09,6.81797257464007e-10,3.16106853237097e-10,1.42929269935469e-10,6.30256076621102e-11,2.71032586839375e-11,1.13667047954595e-11,4.64896476163966e-12,1.85432788796042e-12,7.2131573776025e-13,2.73635782451814e-13,1.01234599857043e-13,3.65252885459736e-14,1.28518883130979e-14,4.4101040112217e-15,1.47584016068688e-15,4.81657601255214e-16,1.53301397902043e-16,4.75841607476071e-17],[1.14203299947411e-07,2.02303091713538e-07,3.49490189374996e-07,5.88811197581796e-07,9.6744377450052e-07,1.55018671389492e-06,2.42242806201629e-06,3.69169972840944e-06,5.48669037423751e-06,7.95249011887303e-06,1.12409864921998e-05,1.54958111903832e-05,2.0832088337963e-05,2.7312402457385e-05,3.4921717952682e-05,4.35451609252511e-05,5.29532721444933e-05,6.27992281235819e-05,7.26313994635254e-05,8.19224856612957e-05,9.01136191400324e-05,9.6668804033108e-05,0.000101132527540498,0.000103182009005794,0.000102665777394862,9.96221758239128e-05,9.42746541721157e-05,8.70046522315078e-05,7.83066428269148e-05,6.87326893819665e-05,5.88351238302415e-05,4.91155044218743e-05,3.99861092105521e-05,3.17474091657637e-05,2.45819331394428e-05,1.85623252976345e-05,1.3669647883856e-05,9.8172732366498e-06,6.87595509400084e-06,4.69660230800096e-06,3.12855032284099e-06,2.03240898018048e-06,1.2876198633238e-06,7.95559804723767e-07,4.7936530690329e-07,2.81688403987337e-07,1.61428399518138e-07,9.02193128798962e-08,4.91731117113959e-08,2.61375255570367e-08,1.35490813910638e-08,6.84957830844438e-09,3.37696392308291e-09,1.62366941198078e-09,7.61337812027445e-10,3.48149513402974e-10,1.55261146098365e-10,6.75255896440076e-11,2.86406312038303e-11,1.18469181307269e-11,4.77899737254565e-12,1.88008203081585e-12,7.21315737760253e-13,2.69887406095828e-13,9.84800891705425e-14,3.50447405721703e-14,1.21620243299797e-14,4.11620967141048e-15,1.35861908796407e-15,4.37327248233963e-16,1.37285277315564e-16],[1.45837691258646e-07,2.61273146895976e-07,4.56486958111625e-07,7.77804720560635e-07,1.29247269627126e-06,2.09450201432403e-06,3.31015850155583e-06,5.10182314257736e-06,7.66850334844921e-06,1.12409864921998e-05,1.60696657191087e-05,2.24036026661295e-05,3.04605319312494e-05,4.03892423897701e-05,5.22278962762499e-05,6.58639786072474e-05,8.10031657237768e-05,9.71548812216242e-05,0.000113641212961506,0.000129633037790592,0.000144212909348035,0.000156459227197892,0.000165541476918183,0.000170813059912714,0.000171887352356939,0.000168684575977544,0.000161441590632051,0.000150682939685009,0.000137158062950821,0.000121755111893973,0.000105405110424294,8.89907226192534e-05,7.32717225336611e-05,5.88351238302415e-05,4.60728995106731e-05,3.51854427049149e-05,2.62052976615642e-05,1.90337244125004e-05,1.34823953817769e-05,9.31362919812826e-06,6.27450442943814e-06,4.12238471645351e-06,2.64135157071236e-06,1.65048850712576e-06,1.00579020216798e-06,5.97738045401143e-07,3.4643598751779e-07,1.95813983732168e-07,1.07937662426753e-07,5.80244344560075e-08,3.04198750849708e-08,1.55529415119725e-08,7.75490092255232e-09,3.77093086888996e-09,1.78825517358971e-09,8.27025712205571e-10,3.73007132320649e-10,1.64067991880351e-10,7.03783679295659e-11,2.94417162290728e-11,1.20114560336061e-11,4.77899737254561e-12,1.85432788796042e-12,7.01689326327728e-13,2.58947554060237e-13,9.31938724747622e-14,3.27093192605396e-14,1.1196035209737e-14,3.73736580521256e-15,1.21667773947207e-15,3.86272792278198e-16],[1.81622441718406e-07,3.29075564277335e-07,5.8147408193302e-07,1.00201377281253e-06,1.68393615929369e-06,2.75985430996354e-06,4.41118521387958e-06,6.87595509400088e-06,1.04524806613084e-05,1.54958111903832e-05,2.24036026661295e-05,3.1588573179389e-05,4.34360935786472e-05,5.82478785858154e-05,7.61759831039024e-05,9.71548812216242e-05,0.000120842523213859,0.000146582980103782,0.000173402722265706,0.000200049227153285,0.00022507457924327,0.000246958863750558,0.00026425997648035,0.00027576984056519,0.000280653683378675,0.000278550105381006,0.000269615285370452,0.000254503814254345,0.000234289423215514,0.000210338936260316,0.000184159982756142,0.000157245946988567,0.000130939976117125,0.000106334368629607,8.42138763791485e-05,6.50432543579216e-05,4.89924850637967e-05,3.59886269490173e-05,2.57815894685029e-05,1.80120316762356e-05,1.22722535037295e-05,8.15444740293672e-06,5.28412832875537e-06,3.33934107094053e-06,2.05805418122475e-06,1.23697644983443e-06,7.25061192749575e-07,4.14473237265217e-07,2.31061148444744e-07,1.25622075464661e-07,6.66060383956932e-08,3.44405314805345e-08,1.73673952655068e-08,8.54098845066736e-09,4.09628516836264e-09,1.91593527630812e-09,8.73936920116637e-10,3.88765701080326e-10,1.6865701125222e-10,7.1355829657537e-11,2.94417162290729e-11,1.18469181307269e-11,4.64896476163968e-12,1.77916294042464e-12,6.64024029074989e-13,2.41690994973963e-13,8.57917933108514e-14,2.96988494452065e-14,1.00263325686417e-14,3.30105826054585e-15,1.05991948250514e-15],[2.20585947395587e-07,4.04208177577051e-07,7.22338813502997e-07,1.25888311857163e-06,2.1396289743819e-06,3.54650138132754e-06,5.73284762417713e-06,9.03751989298337e-06,1.38943020624407e-05,2.0832088337963e-05,3.04605319312494e-05,4.34360935786472e-05,6.04049653303847e-05,8.19224856612959e-05,0.000108353315543936,0.000139762252466767,0.000175811054961206,0.000215680593988273,0.000258038533023402,0.000301069429666825,0.000342576334222092,0.000380151455956782,0.000411400259019747,0.000434191248647328,0.000446895697077365,0.000448579975352832,0.000439118965582972,0.000419211423878357,0.000390294674718803,0.000354373097508123,0.000313788819988732,0.000270970984773218,0.000228200565162262,0.0001874214286288,0.000150117172116817,0.000117260058805329,8.93261143936787e-05,6.63613757130486e-05,4.8079608276886e-05,3.39715265613253e-05,2.34087275856855e-05,1.57307400587573e-05,1.03092982491941e-05,6.58897190387678e-06,4.10690644412186e-06,2.49643674325707e-06,1.47990870480043e-06,8.55574605532689e-07,4.82380173140641e-07,2.65234256384384e-07,1.42225799172604e-07,7.43765026697394e-08,3.79316492303139e-08,1.88658466868497e-08,9.15080873739348e-09,4.32863790221373e-09,1.99687849474727e-09,8.98381136262906e-10,3.94165138508799e-10,1.68657011252221e-10,7.03783679295666e-11,2.86406312038304e-11,1.13667047954596e-11,4.39941751459646e-12,1.66059750150026e-12,6.11282810157592e-13,2.19446464624326e-13,7.68287197459585e-14,2.6231746475839e-14,8.73452754399072e-15,2.83635269406194e-15],[2.61273146895976e-07,4.84198186720659e-07,8.75104956438918e-07,1.54243094918099e-06,2.65130640155436e-06,4.44449797154975e-06,7.2659784684152e-06,1.15844148891779e-05,1.80120316762356e-05,2.7312402457385e-05,4.03892423897701e-05,5.82478785858154e-05,8.19224856612959e-05,0.000112365950962849,0.000150305524880224,0.000196075693519389,0.000249448661178849,0.000309490410683197,0.00037447412920514,0.000441880711008542,0.000508506924312481,0.000570686107364653,0.000624606259091405,0.000666690038169624,0.000693985189404549,0.00070450655890319,0.000697474736762784,0.000673411494193892,0.00063407578861941,0.000582251235103375,0.000521420700479018,0.000455380805892785,0.000387855340967236,0.000322161347822964,0.000260967060148693,0.000206161020406095,0.000158831273987871,0.00011933671698641,8.74421354213278e-05,6.24850362696732e-05,4.35451609252511e-05,2.95945932802332e-05,1.96152322248302e-05,1.26789454909032e-05,7.99247741443695e-06,4.91346993491302e-06,2.94580361382982e-06,1.72237566402187e-06,9.82110994458642e-07,5.46137335943369e-07,2.96177296431957e-07,1.56642737315636e-07,8.07936754487416e-08,4.06399410566323e-08,1.99359701948419e-08,9.53740630135348e-09,4.44971089737507e-09,2.0246124755349e-09,8.98381136262899e-10,3.88765701080325e-10,1.64067991880351e-10,6.75255896440073e-11,2.71032586839375e-11,1.06092146788567e-11,4.04998642161388e-12,1.50776097763792e-12,5.47419209864898e-13,1.93827846282901e-13,6.69300129630075e-14,2.25389795981343e-14,7.40212123898524e-15],[3.01800748627442e-07,5.65652647612451e-07,1.03392238486179e-06,1.84303954736559e-06,3.20398130095002e-06,5.43192661034698e-06,8.98103557809669e-06,1.44812997240041e-05,2.27717952484885e-05,3.4921717952682e-05,5.22278962762499e-05,7.61759831039024e-05,0.000108353315543936,0.000150305524880224,0.000203336941305432,0.000268266368689725,0.000345163430853076,0.000433103732000187,0.000529990002348271,0.000632487622165525,0.000736113845860425,0.000835500174312118,0.000924818918705529,0.00099833309484987,0.00105100028422204,0.00107904312250338,0.00108039700328259,0.00105496133588981,0.00100461189871396,0.000932972181532888,0.000844982420606849,0.000746337486063024,0.000642882256206564,0.00054005280418418,0.000442435140937117,0.00035348550098461,0.000275424264369131,0.000209286586059407,0.000155091926836359,0.00011208450852792,7.89969992060747e-05,5.42980457769945e-05,3.63970685448803e-05,2.37934389193026e-05,1.51689887080626e-05,9.4311497835847e-06,5.71848858942863e-06,3.3814773112124e-06,1.95002553798649e-06,1.09668706863157e-06,6.01497391824237e-07,3.21731346652108e-07,1.67826913425361e-07,8.53765183409749e-08,4.23568715119453e-08,2.04935838547193e-08,9.66986816311494e-09,4.44971089737509e-09,1.99687849474727e-09,8.7393692011664e-10,3.7300713232065e-10,1.55261146098366e-10,6.30256076621107e-11,2.4950537039789e-11,9.63277367436236e-12,3.62686522513518e-12,1.33174195130124e-12,4.76889045315438e-13,1.66541784663267e-13,5.67201909873061e-14,1.88391262756648e-14],[3.39980847086689e-07,6.44443862723469e-07,1.19130875896778e-06,2.14769289315014e-06,3.775970802691e-06,6.4743127884374e-06,1.0825982717285e-05,1.76542626675833e-05,2.80763366198793e-05,4.35451609252511e-05,6.58639786072474e-05,9.71548812216242e-05,0.000139762252466767,0.000196075693519389,0.000268266368689725,0.000357945827044661,0.000465775863059671,0.000591078628654554,0.00073151314934696,0.000882892077379271,0.00103920614116322,0.00119290096988082,0.00133541325055239,0.00145792630872659,0.00155225857325509,0.00161176293275459,0.00163210036722238,0.00161176293275459,0.00155225857325509,0.00145792630872659,0.00133541325055239,0.00119290096988082,0.00103920614116322,0.000882892077379269,0.000731513149346959,0.000591078628654554,0.00046577586305967,0.00035794582704466,0.000268266368689725,0.000196075693519389,0.000139762252466767,9.7154881221624e-05,6.58639786072474e-05,4.35451609252512e-05,2.80763366198793e-05,1.76542626675832e-05,1.0825982717285e-05,6.47431278843739e-06,3.77597080269099e-06,2.14769289315014e-06,1.19130875896778e-06,6.44443862723465e-07,3.39980847086688e-07,1.74917158425459e-07,8.77645191452711e-08,4.29451520026344e-08,2.04935838547193e-08,9.53740630135348e-09,4.3286379022137e-09,1.91593527630811e-09,8.27025712205571e-10,3.48149513402973e-10,1.42929269935469e-10,5.72249155734578e-11,2.23438366743947e-11,8.5082244465802e-12,3.15957544699483e-12,1.14426634528528e-12,4.04142125969638e-13,1.39203360905726e-13,4.67599375536319e-14],[3.73505664730701e-07,7.16026279953266e-07,1.33865706388631e-06,2.44072195698798e-06,4.33986164639449e-06,7.52561615487188e-06,1.27267304048906e-05,2.09894098461106e-05,3.37592052136334e-05,5.29532721444933e-05,8.10031657237768e-05,0.000120842523213859,0.000175811054961206,0.000249448661178849,0.000345163430853076,0.000465775863059671,0.000612967973053432,0.000786696450069914,0.000984657514358888,0.00120190961925902,0.00143076077338929,0.00166100462170144,0.00188054296091718,0.00207636777514635,0.00223580489783845,0.00234785963099986,0.00240446774982602,0.00240145463273959,0.00233904414839337,0.00222183116285694,0.0020582223550233,0.00185943983369421,0.00163825149199237,0.00140762708989425,0.00117951444191789,0.000963890081849248,0.000768175342382401,0.000597037783257034,0.000452534685149709,0.000334511097399481,0.000241144738480889,0.000169532768165885,0.000116235320771853,7.77197125969642e-05,5.06795623407615e-05,3.22287252335378e-05,1.99876622593012e-05,1.20889749918946e-05,7.13059151938878e-06,4.10175994549235e-06,2.30103658439446e-06,1.25888311857163e-06,6.71669918320039e-07,3.49490189374995e-07,1.77346524620729e-07,8.77645191452711e-08,4.23568715119451e-08,1.99359701948419e-08,9.15080873739345e-09,4.09628516836264e-09,1.78825517358971e-09,7.61337812027445e-10,3.16106853237098e-10,1.27996774511736e-10,5.05443646964757e-11,1.94650292651694e-11,7.31048149594027e-12,2.67759880595572e-12,9.56430972305733e-13,3.33173429852549e-13,1.13186776131893e-13],[4.00173694183675e-07,7.75856556970353e-07,1.46697575259717e-06,2.70503593310028e-06,4.86442759990862e-06,8.53098251088943e-06,1.45906608151995e-05,2.43365759039148e-05,3.9586999784952e-05,6.27992281235819e-05,9.71548812216242e-05,0.000146582980103782,0.000215680593988273,0.000309490410683197,0.000433103732000187,0.000591078628654554,0.000786696450069914,0.00102112221871778,0.00129257831061555,0.00159567560165398,0.00192106007978555,0.00225551589703415,0.0025826136362234,0.00288390924661113,0.00314059794055585,0.00333542896570271,0.00345461498638252,0.00348944382944653,0.00343733114517072,0.00330213737607537,0.00309369505375987,0.00282662679392896,0.00251865128414915,0.00218864948934008,0.00185478250405019,0.00153291603915324,0.00123552730704079,0.000971169267637297,0.000744468138297476,0.000556552198516981,0.000405764727767443,0.000288503631287773,0.000200049227153286,0.000135279214959557,8.92141769216272e-05,5.73779825637437e-05,3.59886269490172e-05,2.20137425632442e-05,1.3132006573905e-05,7.63971050368396e-06,4.33442322399084e-06,2.39824931866074e-06,1.29409436819952e-06,6.80998518262057e-07,3.49490189374996e-07,1.7491715842546e-07,8.53765183409749e-08,4.06399410566326e-08,1.88658466868497e-08,8.54098845066739e-09,3.77093086888998e-09,1.62366941198079e-09,6.81797257464012e-10,2.79203908174603e-10,1.11505512595039e-10,4.34289956920641e-11,1.64957412768487e-11,6.11044006842839e-12,2.2074035855801e-12,7.77677619589172e-13,2.67193605429793e-13],[4.18127259874379e-07,8.19865307503803e-07,1.56778007015732e-06,2.92372399031338e-06,5.31736173105375e-06,9.43114978358473e-06,1.6313294680262e-05,2.75186625440371e-05,4.52711541123489e-05,7.26313994635254e-05,0.000113641212961506,0.000173402722265706,0.000258038533023402,0.00037447412920514,0.000529990002348271,0.00073151314934696,0.000984657514358888,0.00129257831061555,0.00165476806600681,0.0020659794652871,0.00251549507994571,0.00298696095919133,0.00345894950900919,0.00390631715838634,0.00430228703985051,0.00462104146619103,0.00484048580970599,0.00494477618913813,0.00492621009263358,0.00478616671677051,0.0045349376182163,0.00419047655036931,0.00377627935596375,0.00331874142603658,0.00284440426251897,0.00237748522941428,0.00193799626850405,0.00154062396029693,0.00119439770866812,0.000903046008985046,0.000665854587103371,0.000478803720803481,0.000335771816126328,0.000229635784126473,0.000153159342320195,9.96221758239128e-05,6.31941905246464e-05,3.90937102605625e-05,2.35855075737428e-05,1.38768906586273e-05,7.96246814782692e-06,4.45565803592952e-06,2.43155780523248e-06,1.29409436819951e-06,6.71669918320039e-07,3.3998084708669e-07,1.6782691342536e-07,8.07936754487419e-08,3.79316492303138e-08,1.73673952655068e-08,7.75490092255232e-09,3.3769639230829e-09,1.43411900364137e-09,5.93953659921683e-10,2.39899054981449e-10,9.44959322512565e-11,3.62999722461178e-11,1.35990344633877e-11,4.968421793788e-12,1.77026158097549e-12,6.15127343500485e-13],[4.2606614879618e-07,8.44913378550712e-07,1.63401464825217e-06,3.08182735976035e-06,5.66851460159947e-06,1.01680772091026e-05,1.77875856058812e-05,3.03461621086763e-05,5.04892763481833e-05,8.19224856612957e-05,0.000129633037790592,0.000200049227153285,0.000301069429666825,0.000441880711008542,0.000632487622165525,0.000882892077379271,0.00120190961925902,0.00159567560165398,0.0020659794652871,0.0026086511093964,0.00321228891810215,0.00385764094287008,0.00451791033806419,0.00516014630543406,0.00574771234989793,0.00624362250847422,0.00661434512995286,0.00683353887166753,0.0068851449624173,0.00676533194111756,0.0064829658528916,0.00605852578240438,0.00552164891188721,0.00490771370604636,0.00425400752024441,0.0035960513857783,0.00296457284983888,0.00238345505736607,0.00186878960579098,0.00142896784032407,0.00106559727736263,0.000774947625406958,0.000549617058930861,0.000380151455956782,0.000256425797458249,0.000168684575977544,0.000108217534464543,6.77062091988029e-05,4.13112146778767e-05,2.45819331394429e-05,1.42650304738583e-05,8.07305621776448e-06,4.45565803592953e-06,2.39824931866073e-06,1.25888311857163e-06,6.44443862723469e-07,3.21731346652108e-07,1.56642737315636e-07,7.43765026697392e-08,3.44405314805345e-08,1.55529415119725e-08,6.84957830844438e-09,2.94187173618026e-09,1.2322312963089e-09,5.03349148415486e-10,2.00518775507579e-10,7.79021335123822e-11,2.95156439146453e-11,1.09059568472931e-11,3.92992163130175e-12,1.38106019224124e-12],[4.23403244061681e-07,8.49161834127393e-07,1.66086890387875e-06,3.16802677801745e-06,5.89319668740275e-06,1.06910812623966e-05,1.89147640233769e-05,3.26353914833301e-05,5.49142843598338e-05,9.01136191400324e-05,0.000144212909348035,0.00022507457924327,0.000342576334222092,0.000508506924312481,0.000736113845860425,0.00103920614116322,0.00143076077338929,0.00192106007978555,0.00251549507994571,0.00321228891810215,0.00400050050007975,0.00485872882512393,0.00575492403320573,0.00664760386648943,0.00748857649924438,0.00822700974835735,0.00881441218691817,0.00920986578749927,0.00938473145278409,0.00932607707273482,0.00903825839348724,0.00854238436062029,0.00787375806130023,0.007077724046543,0.00620459999522078,0.00530447678139055,0.00442262299534641,0.0035960513857783,0.00285154651680619,0.0022051779157217,0.00166308869247174,0.00122319525964829,0.000877374019914373,0.000613737067021673,0.000418686096348299,0.000278550105381006,0.000180728530501433,0.000114355935222786,7.05666181847607e-05,4.24666988296574e-05,2.49233434271521e-05,1.42650304738582e-05,7.96246814782691e-06,4.33442322399081e-06,2.30103658439445e-06,1.19130875896778e-06,6.01497391824232e-07,2.96177296431957e-07,1.42225799172603e-07,6.66060383956929e-08,3.04198750849708e-08,1.35490813910637e-08,5.88533081059042e-09,2.49310465289357e-09,1.02995616509236e-09,4.14959370514976e-10,1.63042570279521e-10,6.24748255977632e-11,2.33462802266486e-11,8.50822444658014e-12,3.02390946492183e-12],[4.10336296239509e-07,8.32295120086353e-07,1.64635453682349e-06,3.17598164334214e-06,5.97504533474714e-06,1.09625863762896e-05,1.96152322248302e-05,3.42280755786875e-05,5.82478785858154e-05,9.6668804033108e-05,0.000156459227197892,0.000246958863750558,0.000380151455956782,0.000570686107364653,0.000835500174312118,0.00119290096988082,0.00166100462170144,0.00225551589703415,0.00298696095919133,0.00385764094287008,0.00485872882512393,0.00596804544894522,0.00714908046137912,0.00835173778398828,0.00951507286438888,0.0105719716187229,0.0114553525898881,0.0121051321784885,0.0124749614761352,0.0125376889947159,0.0122886556461709,0.0117462667390997,0.0109497434858296,0.00995443543687663,0.008825471673783,0.00763076042915072,0.00643437420726058,0.00529119068494777,0.0042433525289019,0.00331874142603658,0.00253131575173305,0.00188290248753495,0.00136589696198966,0.000966310394657878,0.000666690038169624,0.000448579975352832,0.000294350245224699,0.000188363834837367,0.000117554496965459,7.15466944578704e-05,4.24666988296575e-05,2.45819331394428e-05,1.38768906586273e-05,7.63971050368393e-06,4.10175994549235e-06,2.14769289315014e-06,1.09668706863156e-06,5.46137335943369e-07,2.65234256384383e-07,1.25622075464661e-07,5.80244344560075e-08,2.61375255570366e-08,1.14822401816723e-08,4.91923291522703e-09,2.05530721696727e-09,8.37461230285403e-10,3.32783110477456e-10,1.28963391265541e-10,4.87394041522039e-11,1.79639810590054e-11,6.45704129284948e-12],[3.8782364997631e-07,7.95559804723768e-07,1.59154886762242e-06,3.10510096153384e-06,5.90799441143258e-06,1.09625863762896e-05,1.9837849130012e-05,3.50094058362405e-05,6.02536693160788e-05,0.000101132527540498,0.000165541476918183,0.00026425997648035,0.000411400259019747,0.000624606259091405,0.000924818918705529,0.00133541325055239,0.00188054296091718,0.0025826136362234,0.00345894950900919,0.00451791033806419,0.00575492403320573,0.00714908046137912,0.00866102669382245,0.0102328632797015,0.0117905365363162,0.013248861726682,0.0145188483495022,0.0155165216900736,0.0161720538576298,0.0164378338913425,0.0162941833273906,0.0157517645461568,0.014850272635808,0.0136536336163855,0.0122425155666382,0.0107053701326245,0.00912938058348514,0.00759258284580131,0.00615809477969269,0.00487092901665048,0.00375738619043961,0.00282662679392896,0.00207376581085655,0.00148374596656471,0.00103530424535096,0.00070450655890319,0.000467531297655525,0.000302583289110772,0.000190979957445831,0.000117554496965459,7.0566618184761e-05,4.13112146778767e-05,2.35855075737429e-05,1.3132006573905e-05,7.13059151938878e-06,3.77597080269101e-06,1.95002553798649e-06,9.82110994458646e-07,4.82380173140641e-07,2.31061148444745e-07,1.07937662426753e-07,4.91731117113959e-08,2.18469581712205e-08,9.4659207686898e-09,3.99984677879668e-09,1.64828553648591e-09,6.62414976198293e-10,2.5961898030763e-10,9.92319074177342e-11,3.69891917139253e-11,1.34464284552535e-11],[3.57468062949829e-07,7.41612291194198e-07,1.5004626642398e-06,2.96061592016642e-06,5.69701744352626e-06,1.06910812623966e-05,1.95661020508608e-05,3.49217179526821e-05,6.07848695243687e-05,0.000103182009005794,0.000170813059912714,0.00027576984056519,0.000434191248647328,0.000666690038169624,0.00099833309484987,0.00145792630872659,0.00207636777514635,0.00288390924661113,0.00390631715838634,0.00516014630543406,0.00664760386648943,0.00835173778398828,0.0102328632797015,0.0122271740704433,0.014248318703707,0.0161923450141383,0.0179458684259369,0.0193966983587475,0.0204455946898733,0.0210174626637901,0.0210702371813912,0.0205999974429436,0.019641448423255,0.0182636870835686,0.0165619705010051,0.0146468474465684,0.0126323721637451,0.0106251303837753,0.0087154983808302,0.00697202261770318,0.00543918650226227,0.00413825945395568,0.00307050694246114,0.00222183116285694,0.00156790818123044,0.00107904312250338,0.000724211768977153,0.000474024684239087,0.000302583289110771,0.000188363834837367,0.000114355935222787,6.77062091988028e-05,3.90937102605625e-05,2.20137425632442e-05,1.20889749918946e-05,6.4743127884374e-06,3.3814773112124e-06,1.72237566402188e-06,8.55574605532686e-07,4.14473237265217e-07,1.95813983732168e-07,9.0219312879896e-08,4.05381503996914e-08,1.77638438296286e-08,7.59134214279436e-09,3.16379829054353e-09,1.28590122745209e-09,5.09700473484629e-10,1.9702941392521e-10,7.4277229484274e-11,2.73079393411382e-11],[3.21328174591301e-07,6.74201334619435e-07,1.37955497350241e-06,2.75294171668783e-06,5.3575178283842e-06,1.01680772091026e-05,1.88201312555496e-05,3.39715265613253e-05,5.98020511811368e-05,0.000102665777394862,0.000171887352356939,0.000280653683378675,0.000446895697077365,0.000693985189404549,0.00105100028422204,0.00155225857325509,0.00223580489783845,0.00314059794055585,0.00430228703985051,0.00574771234989793,0.00748857649924438,0.00951507286438888,0.0117905365363162,0.014248318703707,0.0167919941969327,0.0192996544172989,0.0216324342261471,0.0236466625396609,0.0252082627936242,0.0262074390262037,0.0265714254241532,0.0262732454926784,0.0253350168341717,0.0238252393848166,0.0218505287633747,0.0195431799687223,0.0170465742344643,0.0145006543063338,0.0120294753494235,0.00973227509402277,0.0076787524754083,0.00590847718291208,0.00443372813200561,0.00324467467079698,0.00231569767670734,0.00161176293275459,0.00109402959329129,0.000724211768977154,0.000467531297655524,0.0002943502452247,0.000180728530501433,0.000108217534464543,6.31941905246466e-05,3.59886269490172e-05,1.99876622593012e-05,1.